param D : 0 1 2 3 4 5 6 7 8 9 10 11 12 13 14 15 16 17 18 19 20 21 22 23 24 25 26 27 28 29 30 31 32 33 34 35 36 37 38 39 40 41 42 43 44 45 46 47 48 49 50 51 52 53 54 55 56 57 58 59 60 61 62 63 64 65 66 67 68 69 70 71 72 73 74 75 76 77 78 79 80 81 82 83 84 85 86 87 88 89 90 91 92 93 94 95 96 97 98 99 
0 16.0 38.0 77.0 5.0 82.0 0.0 62.0 97.0 70.0 57.0 26.0 59.0 50.0 0.0 2.0 79.0 25.0 98.0 89.0 2.0 58.0 88.0 15.0 81.0 0.0 35.0 19.0 33.0 90.0 59.0 47.0 94.0 10.0 94.0 45.0 83.0 20.0 0.0 16.0 51.0 33.0 46.0 87.0 0.0 0.0 39.0 44.0 63.0 34.0 48.0 0.0 14.0 82.0 89.0 17.0 9.0 94.0 70.0 95.0 56.0 42.0 0.0 64.0 53.0 77.0 63.0 0.0 84.0 26.0 0.0 71.0 0.0 25.0 89.0 5.0 0.0 33.0 39.0 91.0 86.0 61.0 41.0 75.0 34.0 39.0 4.0 37.0 65.0 65.0 54.0 0.0 15.0 12.0 28.0 83.0 37.0 59.0 48.0 63.0 24.0 
1 38.0 95.0 97.0 0.0 44.0 41.0 71.0 69.0 83.0 72.0 63.0 0.0 76.0 22.0 75.0 89.0 71.0 3.0 44.0 77.0 67.0 0.0 80.0 48.0 38.0 5.0 7.0 83.0 89.0 17.0 5.0 56.0 82.0 48.0 23.0 55.0 73.0 17.0 81.0 60.0 53.0 54.0 37.0 87.0 58.0 34.0 56.0 47.0 0.0 22.0 71.0 99.0 67.0 87.0 56.0 26.0 52.0 95.0 18.0 93.0 40.0 0.0 0.0 46.0 83.0 59.0 19.0 85.0 28.0 0.0 51.0 86.0 11.0 24.0 20.0 100.0 0.0 30.0 79.0 35.0 24.0 27.0 26.0 0.0 29.0 94.0 83.0 33.0 46.0 0.0 64.0 39.0 10.0 0.0 49.0 91.0 13.0 3.0 29.0 85.0 
2 77.0 97.0 93.0 69.0 35.0 50.0 39.0 0.0 64.0 0.0 56.0 91.0 63.0 53.0 0.0 29.0 0.0 9.0 57.0 5.0 16.0 0.0 99.0 65.0 51.0 0.0 88.0 91.0 36.0 0.0 33.0 30.0 5.0 74.0 76.0 20.0 72.0 15.0 41.0 31.0 70.0 14.0 22.0 0.0 0.0 0.0 93.0 0.0 0.0 0.0 60.0 17.0 61.0 0.0 0.0 0.0 3.0 95.0 39.0 0.0 33.0 19.0 47.0 15.0 88.0 91.0 77.0 0.0 68.0 87.0 34.0 0.0 27.0 47.0 29.0 28.0 59.0 54.0 78.0 11.0 40.0 67.0 2.0 36.0 31.0 35.0 0.0 78.0 54.0 40.0 1.0 97.0 0.0 6.0 0.0 83.0 72.0 76.0 88.0 13.0 
3 5.0 0.0 69.0 0.0 52.0 52.0 29.0 51.0 4.0 75.0 58.0 0.0 30.0 3.0 72.0 0.0 70.0 75.0 64.0 13.0 92.0 93.0 0.0 0.0 39.0 64.0 86.0 77.0 92.0 0.0 54.0 0.0 6.0 35.0 86.0 14.0 47.0 37.0 0.0 99.0 57.0 88.0 0.0 2.0 30.0 46.0 37.0 6.0 13.0 0.0 27.0 0.0 38.0 63.0 57.0 44.0 13.0 0.0 0.0 28.0 55.0 21.0 2.0 14.0 52.0 63.0 17.0 18.0 44.0 0.0 40.0 43.0 52.0 73.0 57.0 4.0 16.0 70.0 88.0 94.0 48.0 97.0 30.0 42.0 0.0 17.0 61.0 67.0 96.0 66.0 38.0 65.0 100.0 47.0 9.0 78.0 32.0 33.0 69.0 92.0 
4 82.0 44.0 35.0 52.0 0.0 31.0 40.0 37.0 0.0 21.0 19.0 8.0 50.0 0.0 13.0 2.0 70.0 33.0 21.0 0.0 77.0 77.0 11.0 84.0 22.0 73.0 0.0 91.0 93.0 43.0 56.0 65.0 56.0 47.0 12.0 54.0 59.0 60.0 84.0 71.0 50.0 19.0 24.0 69.0 74.0 97.0 86.0 63.0 14.0 60.0 95.0 80.0 47.0 19.0 26.0 95.0 65.0 0.0 49.0 2.0 64.0 13.0 22.0 0.0 0.0 45.0 61.0 10.0 85.0 0.0 72.0 0.0 48.0 7.0 33.0 86.0 71.0 39.0 35.0 77.0 23.0 27.0 39.0 17.0 54.0 0.0 41.0 0.0 0.0 42.0 31.0 31.0 7.0 72.0 40.0 64.0 80.0 35.0 0.0 44.0 
5 0.0 41.0 50.0 52.0 31.0 20.0 59.0 85.0 2.0 0.0 81.0 78.0 0.0 68.0 2.0 0.0 47.0 17.0 73.0 41.0 58.0 0.0 70.0 3.0 42.0 12.0 92.0 30.0 0.0 53.0 0.0 61.0 94.0 0.0 8.0 6.0 55.0 0.0 30.0 43.0 84.0 62.0 72.0 64.0 59.0 0.0 43.0 97.0 11.0 64.0 0.0 57.0 63.0 6.0 8.0 19.0 23.0 22.0 0.0 11.0 98.0 44.0 87.0 54.0 37.0 62.0 41.0 23.0 44.0 88.0 23.0 11.0 80.0 24.0 60.0 74.0 86.0 6.0 58.0 83.0 89.0 88.0 0.0 78.0 91.0 83.0 83.0 64.0 81.0 42.0 79.0 6.0 84.0 46.0 41.0 0.0 27.0 56.0 13.0 64.0 
6 62.0 71.0 39.0 29.0 40.0 59.0 51.0 0.0 88.0 92.0 60.0 20.0 11.0 37.0 35.0 35.0 64.0 45.0 15.0 40.0 35.0 0.0 59.0 8.0 70.0 98.0 0.0 0.0 0.0 22.0 77.0 33.0 0.0 12.0 53.0 76.0 94.0 95.0 74.0 56.0 0.0 84.0 65.0 79.0 74.0 49.0 1.0 95.0 78.0 28.0 45.0 39.0 61.0 91.0 62.0 45.0 82.0 31.0 62.0 0.0 56.0 40.0 62.0 0.0 66.0 87.0 63.0 75.0 8.0 42.0 31.0 51.0 48.0 35.0 50.0 50.0 96.0 22.0 81.0 56.0 44.0 18.0 21.0 0.0 85.0 85.0 99.0 0.0 74.0 94.0 24.0 100.0 88.0 0.0 0.0 42.0 0.0 85.0 77.0 63.0 
7 97.0 69.0 0.0 51.0 37.0 85.0 0.0 0.0 58.0 32.0 12.0 8.0 37.0 82.0 85.0 0.0 13.0 5.0 65.0 29.0 0.0 60.0 68.0 25.0 73.0 0.0 11.0 14.0 97.0 81.0 0.0 65.0 40.0 61.0 69.0 86.0 28.0 0.0 26.0 9.0 24.0 7.0 32.0 27.0 63.0 33.0 88.0 15.0 31.0 42.0 0.0 39.0 0.0 19.0 5.0 32.0 68.0 58.0 54.0 68.0 0.0 13.0 54.0 0.0 26.0 65.0 18.0 0.0 0.0 7.0 53.0 42.0 74.0 32.0 51.0 85.0 13.0 59.0 45.0 65.0 35.0 54.0 0.0 73.0 64.0 3.0 0.0 44.0 24.0 47.0 58.0 87.0 85.0 76.0 63.0 80.0 73.0 13.0 65.0 97.0 
8 70.0 83.0 64.0 4.0 0.0 2.0 88.0 58.0 92.0 0.0 48.0 4.0 0.0 15.0 44.0 0.0 5.0 27.0 28.0 37.0 64.0 72.0 71.0 61.0 77.0 85.0 52.0 89.0 3.0 37.0 16.0 93.0 21.0 79.0 99.0 75.0 28.0 36.0 70.0 74.0 78.0 94.0 8.0 1.0 65.0 18.0 71.0 71.0 1.0 1.0 45.0 33.0 92.0 12.0 0.0 61.0 70.0 29.0 16.0 0.0 18.0 0.0 96.0 88.0 19.0 98.0 31.0 0.0 51.0 55.0 41.0 0.0 21.0 0.0 39.0 96.0 68.0 0.0 30.0 25.0 57.0 15.0 97.0 87.0 0.0 61.0 48.0 10.0 14.0 44.0 25.0 4.0 73.0 53.0 27.0 83.0 32.0 65.0 19.0 47.0 
9 57.0 72.0 0.0 75.0 21.0 0.0 92.0 32.0 0.0 0.0 83.0 53.0 78.0 0.0 12.0 91.0 74.0 18.0 81.0 38.0 76.0 61.0 50.0 37.0 12.0 22.0 58.0 61.0 39.0 77.0 1.0 67.0 67.0 32.0 11.0 0.0 91.0 0.0 73.0 0.0 89.0 41.0 70.0 0.0 86.0 46.0 36.0 39.0 41.0 56.0 80.0 65.0 2.0 93.0 50.0 47.0 22.0 58.0 90.0 1.0 92.0 8.0 62.0 99.0 87.0 9.0 0.0 47.0 13.0 34.0 77.0 8.0 8.0 27.0 52.0 40.0 8.0 34.0 2.0 26.0 4.0 0.0 67.0 0.0 100.0 5.0 0.0 55.0 69.0 100.0 16.0 98.0 53.0 41.0 25.0 67.0 0.0 35.0 62.0 55.0 
10 26.0 63.0 56.0 58.0 19.0 81.0 60.0 12.0 48.0 83.0 59.0 48.0 0.0 2.0 0.0 36.0 88.0 76.0 0.0 65.0 43.0 0.0 37.0 14.0 86.0 6.0 50.0 0.0 36.0 0.0 17.0 10.0 93.0 65.0 14.0 17.0 18.0 62.0 41.0 1.0 31.0 48.0 66.0 8.0 84.0 57.0 19.0 73.0 55.0 60.0 29.0 0.0 79.0 17.0 89.0 0.0 38.0 0.0 52.0 9.0 0.0 3.0 97.0 3.0 90.0 0.0 58.0 6.0 45.0 34.0 49.0 28.0 0.0 13.0 68.0 14.0 54.0 61.0 12.0 35.0 92.0 14.0 57.0 76.0 52.0 100.0 100.0 17.0 66.0 51.0 36.0 88.0 66.0 35.0 75.0 43.0 29.0 11.0 47.0 7.0 
11 59.0 0.0 91.0 0.0 8.0 78.0 20.0 8.0 4.0 53.0 48.0 0.0 81.0 36.0 78.0 51.0 0.0 52.0 23.0 16.0 38.0 0.0 47.0 63.0 58.0 49.0 36.0 73.0 67.0 99.0 3.0 75.0 0.0 76.0 29.0 25.0 46.0 0.0 75.0 49.0 50.0 30.0 44.0 32.0 33.0 96.0 33.0 41.0 97.0 85.0 50.0 52.0 69.0 67.0 74.0 80.0 9.0 18.0 43.0 0.0 29.0 7.0 23.0 82.0 60.0 54.0 0.0 24.0 67.0 0.0 7.0 22.0 11.0 11.0 41.0 53.0 21.0 48.0 6.0 83.0 43.0 95.0 14.0 42.0 65.0 89.0 0.0 69.0 0.0 61.0 0.0 0.0 42.0 55.0 6.0 1.0 50.0 60.0 20.0 70.0 
12 50.0 76.0 63.0 30.0 50.0 0.0 11.0 37.0 0.0 78.0 0.0 81.0 34.0 78.0 0.0 18.0 46.0 0.0 23.0 25.0 10.0 0.0 58.0 75.0 11.0 36.0 14.0 59.0 53.0 38.0 39.0 87.0 13.0 6.0 92.0 22.0 27.0 46.0 0.0 44.0 4.0 0.0 0.0 2.0 13.0 55.0 3.0 89.0 88.0 17.0 20.0 89.0 67.0 73.0 83.0 47.0 20.0 56.0 77.0 51.0 49.0 18.0 7.0 86.0 2.0 4.0 100.0 69.0 31.0 70.0 87.0 98.0 0.0 100.0 43.0 29.0 31.0 53.0 41.0 0.0 33.0 77.0 68.0 85.0 64.0 45.0 2.0 0.0 11.0 35.0 59.0 100.0 9.0 17.0 0.0 82.0 59.0 85.0 5.0 24.0 
13 0.0 22.0 53.0 3.0 0.0 68.0 37.0 82.0 15.0 0.0 2.0 36.0 78.0 51.0 59.0 31.0 44.0 0.0 5.0 48.0 81.0 91.0 0.0 72.0 0.0 71.0 4.0 11.0 0.0 0.0 35.0 39.0 46.0 0.0 37.0 84.0 75.0 40.0 85.0 70.0 17.0 92.0 38.0 72.0 98.0 43.0 45.0 91.0 97.0 0.0 87.0 51.0 64.0 5.0 29.0 0.0 65.0 57.0 85.0 68.0 18.0 87.0 9.0 0.0 1.0 28.0 67.0 45.0 0.0 2.0 51.0 76.0 30.0 80.0 0.0 73.0 78.0 41.0 92.0 73.0 43.0 0.0 1.0 89.0 1.0 38.0 78.0 21.0 0.0 60.0 0.0 60.0 27.0 74.0 40.0 50.0 0.0 25.0 0.0 58.0 
14 2.0 75.0 0.0 72.0 13.0 2.0 35.0 85.0 44.0 12.0 0.0 78.0 0.0 59.0 0.0 12.0 0.0 98.0 9.0 45.0 26.0 56.0 46.0 46.0 51.0 0.0 56.0 40.0 7.0 45.0 19.0 73.0 0.0 0.0 17.0 58.0 87.0 0.0 84.0 59.0 45.0 58.0 39.0 23.0 1.0 30.0 97.0 15.0 39.0 38.0 71.0 85.0 31.0 67.0 35.0 0.0 29.0 15.0 78.0 97.0 1.0 64.0 80.0 48.0 23.0 52.0 67.0 62.0 19.0 59.0 12.0 15.0 97.0 33.0 12.0 12.0 76.0 48.0 13.0 41.0 35.0 32.0 75.0 1.0 80.0 39.0 59.0 0.0 69.0 55.0 11.0 13.0 23.0 0.0 29.0 41.0 72.0 57.0 48.0 43.0 
15 79.0 89.0 29.0 0.0 2.0 0.0 35.0 0.0 0.0 91.0 36.0 51.0 18.0 31.0 12.0 0.0 22.0 0.0 96.0 17.0 63.0 66.0 48.0 0.0 0.0 51.0 41.0 0.0 93.0 6.0 25.0 67.0 36.0 9.0 88.0 15.0 19.0 19.0 63.0 8.0 41.0 21.0 59.0 57.0 31.0 46.0 84.0 67.0 15.0 0.0 65.0 83.0 15.0 6.0 48.0 56.0 42.0 17.0 47.0 56.0 0.0 0.0 1.0 69.0 54.0 70.0 61.0 6.0 34.0 0.0 40.0 21.0 5.0 34.0 88.0 83.0 78.0 26.0 27.0 0.0 24.0 18.0 83.0 42.0 80.0 41.0 55.0 94.0 71.0 39.0 48.0 93.0 92.0 62.0 95.0 0.0 94.0 77.0 0.0 67.0 
16 25.0 71.0 0.0 70.0 70.0 47.0 64.0 13.0 5.0 74.0 88.0 0.0 46.0 44.0 0.0 22.0 0.0 96.0 46.0 51.0 15.0 55.0 9.0 0.0 45.0 0.0 94.0 61.0 39.0 86.0 12.0 48.0 98.0 12.0 36.0 5.0 31.0 70.0 47.0 69.0 99.0 8.0 73.0 12.0 6.0 37.0 87.0 11.0 62.0 41.0 28.0 55.0 15.0 66.0 30.0 52.0 0.0 0.0 42.0 4.0 84.0 49.0 90.0 59.0 0.0 52.0 89.0 68.0 52.0 80.0 81.0 0.0 43.0 45.0 55.0 42.0 36.0 36.0 89.0 0.0 52.0 49.0 70.0 0.0 75.0 42.0 0.0 46.0 40.0 42.0 2.0 96.0 19.0 4.0 43.0 0.0 24.0 58.0 56.0 96.0 
17 98.0 3.0 9.0 75.0 33.0 17.0 45.0 5.0 27.0 18.0 76.0 52.0 0.0 0.0 98.0 0.0 96.0 90.0 36.0 84.0 67.0 25.0 20.0 85.0 78.0 1.0 72.0 84.0 47.0 7.0 30.0 56.0 6.0 91.0 0.0 0.0 99.0 58.0 89.0 32.0 93.0 70.0 20.0 32.0 20.0 52.0 10.0 72.0 43.0 10.0 21.0 96.0 99.0 0.0 41.0 3.0 23.0 58.0 72.0 0.0 21.0 58.0 1.0 82.0 80.0 0.0 67.0 55.0 80.0 72.0 99.0 0.0 37.0 54.0 95.0 96.0 75.0 18.0 57.0 51.0 94.0 9.0 67.0 35.0 67.0 32.0 18.0 8.0 2.0 0.0 39.0 0.0 54.0 0.0 22.0 61.0 31.0 12.0 23.0 0.0 
18 89.0 44.0 57.0 64.0 21.0 73.0 15.0 65.0 28.0 81.0 0.0 23.0 23.0 5.0 9.0 96.0 46.0 36.0 20.0 71.0 9.0 42.0 60.0 61.0 30.0 59.0 58.0 28.0 3.0 7.0 1.0 6.0 65.0 52.0 12.0 54.0 83.0 28.0 0.0 49.0 23.0 0.0 15.0 68.0 50.0 82.0 31.0 0.0 46.0 81.0 84.0 45.0 17.0 85.0 91.0 58.0 100.0 0.0 0.0 80.0 7.0 0.0 52.0 35.0 95.0 38.0 11.0 16.0 55.0 74.0 26.0 24.0 47.0 3.0 87.0 70.0 100.0 99.0 71.0 30.0 27.0 64.0 97.0 0.0 67.0 76.0 0.0 71.0 73.0 86.0 30.0 7.0 81.0 37.0 83.0 20.0 16.0 78.0 58.0 99.0 
19 2.0 77.0 5.0 13.0 0.0 41.0 40.0 29.0 37.0 38.0 65.0 16.0 25.0 48.0 45.0 17.0 51.0 84.0 71.0 0.0 91.0 61.0 100.0 19.0 63.0 17.0 71.0 14.0 0.0 75.0 62.0 44.0 0.0 33.0 0.0 62.0 7.0 89.0 70.0 0.0 77.0 96.0 13.0 63.0 0.0 0.0 0.0 58.0 21.0 0.0 51.0 92.0 4.0 81.0 0.0 81.0 0.0 52.0 15.0 55.0 54.0 55.0 81.0 0.0 37.0 100.0 20.0 61.0 0.0 38.0 36.0 81.0 3.0 9.0 70.0 79.0 9.0 8.0 42.0 57.0 1.0 21.0 50.0 30.0 39.0 8.0 96.0 53.0 74.0 0.0 83.0 0.0 0.0 36.0 31.0 38.0 93.0 21.0 17.0 58.0 
20 58.0 67.0 16.0 92.0 77.0 58.0 35.0 0.0 64.0 76.0 43.0 38.0 10.0 81.0 26.0 63.0 15.0 67.0 9.0 91.0 95.0 37.0 64.0 64.0 28.0 0.0 9.0 97.0 20.0 59.0 62.0 73.0 84.0 44.0 29.0 13.0 45.0 99.0 12.0 0.0 88.0 74.0 24.0 56.0 92.0 12.0 0.0 4.0 50.0 1.0 18.0 50.0 11.0 0.0 80.0 0.0 28.0 0.0 75.0 20.0 81.0 81.0 86.0 66.0 50.0 71.0 77.0 22.0 0.0 98.0 0.0 15.0 0.0 79.0 79.0 88.0 62.0 0.0 18.0 70.0 58.0 0.0 57.0 89.0 95.0 0.0 44.0 0.0 33.0 8.0 34.0 69.0 97.0 61.0 0.0 0.0 31.0 0.0 0.0 94.0 
21 88.0 0.0 0.0 93.0 77.0 0.0 0.0 60.0 72.0 61.0 0.0 0.0 0.0 91.0 56.0 66.0 55.0 25.0 42.0 61.0 37.0 52.0 27.0 16.0 55.0 4.0 0.0 6.0 35.0 2.0 72.0 50.0 64.0 63.0 76.0 57.0 59.0 77.0 14.0 23.0 73.0 11.0 34.0 49.0 4.0 61.0 99.0 9.0 0.0 47.0 94.0 14.0 66.0 49.0 50.0 35.0 83.0 86.0 86.0 0.0 87.0 16.0 3.0 60.0 17.0 77.0 21.0 55.0 53.0 16.0 26.0 47.0 26.0 44.0 0.0 72.0 0.0 6.0 81.0 23.0 41.0 0.0 63.0 15.0 86.0 0.0 63.0 0.0 57.0 25.0 19.0 66.0 3.0 66.0 37.0 92.0 87.0 96.0 74.0 37.0 
22 15.0 80.0 99.0 0.0 11.0 70.0 59.0 68.0 71.0 50.0 37.0 47.0 58.0 0.0 46.0 48.0 9.0 20.0 60.0 100.0 64.0 27.0 0.0 81.0 88.0 87.0 4.0 51.0 46.0 46.0 73.0 21.0 88.0 39.0 71.0 92.0 47.0 75.0 85.0 80.0 66.0 68.0 30.0 34.0 36.0 23.0 84.0 68.0 30.0 0.0 51.0 84.0 78.0 36.0 0.0 77.0 57.0 57.0 66.0 93.0 6.0 46.0 0.0 88.0 60.0 51.0 68.0 59.0 51.0 18.0 0.0 35.0 75.0 84.0 3.0 0.0 23.0 0.0 64.0 75.0 24.0 71.0 45.0 68.0 53.0 85.0 50.0 42.0 9.0 6.0 0.0 35.0 89.0 60.0 88.0 66.0 37.0 42.0 56.0 49.0 
23 81.0 48.0 65.0 0.0 84.0 3.0 8.0 25.0 61.0 37.0 14.0 63.0 75.0 72.0 46.0 0.0 0.0 85.0 61.0 19.0 64.0 16.0 81.0 68.0 78.0 99.0 72.0 60.0 3.0 0.0 54.0 47.0 9.0 79.0 66.0 92.0 0.0 86.0 8.0 48.0 1.0 80.0 47.0 100.0 3.0 62.0 37.0 30.0 23.0 48.0 2.0 98.0 94.0 7.0 0.0 85.0 27.0 1.0 47.0 50.0 1.0 41.0 63.0 21.0 57.0 65.0 93.0 76.0 57.0 2.0 86.0 0.0 62.0 42.0 0.0 3.0 5.0 4.0 53.0 72.0 1.0 21.0 86.0 15.0 81.0 9.0 40.0 95.0 28.0 77.0 30.0 0.0 0.0 75.0 65.0 0.0 9.0 0.0 62.0 12.0 
24 0.0 38.0 51.0 39.0 22.0 42.0 70.0 73.0 77.0 12.0 86.0 58.0 11.0 0.0 51.0 0.0 45.0 78.0 30.0 63.0 28.0 55.0 88.0 78.0 83.0 60.0 0.0 46.0 34.0 20.0 21.0 0.0 82.0 57.0 0.0 81.0 0.0 12.0 46.0 96.0 91.0 47.0 71.0 95.0 66.0 25.0 83.0 15.0 72.0 9.0 26.0 13.0 90.0 0.0 37.0 84.0 43.0 60.0 0.0 18.0 65.0 0.0 30.0 8.0 18.0 45.0 79.0 8.0 54.0 77.0 14.0 65.0 14.0 10.0 18.0 54.0 39.0 63.0 77.0 11.0 5.0 94.0 2.0 0.0 16.0 44.0 24.0 0.0 99.0 46.0 80.0 87.0 33.0 60.0 44.0 83.0 13.0 60.0 60.0 74.0 
25 35.0 5.0 0.0 64.0 73.0 12.0 98.0 0.0 85.0 22.0 6.0 49.0 36.0 71.0 0.0 51.0 0.0 1.0 59.0 17.0 0.0 4.0 87.0 99.0 60.0 0.0 24.0 26.0 10.0 90.0 74.0 37.0 0.0 0.0 29.0 48.0 75.0 0.0 62.0 0.0 58.0 42.0 79.0 35.0 99.0 35.0 61.0 2.0 77.0 86.0 0.0 90.0 75.0 62.0 27.0 41.0 58.0 0.0 24.0 16.0 75.0 82.0 15.0 17.0 8.0 55.0 17.0 65.0 22.0 29.0 72.0 0.0 83.0 66.0 63.0 0.0 75.0 52.0 92.0 7.0 88.0 12.0 96.0 0.0 22.0 25.0 69.0 10.0 4.0 0.0 67.0 87.0 40.0 86.0 97.0 98.0 45.0 41.0 75.0 51.0 
26 19.0 7.0 88.0 86.0 0.0 92.0 0.0 11.0 52.0 58.0 50.0 36.0 14.0 4.0 56.0 41.0 94.0 72.0 58.0 71.0 9.0 0.0 4.0 72.0 0.0 24.0 0.0 9.0 68.0 59.0 95.0 7.0 66.0 89.0 0.0 34.0 51.0 0.0 22.0 85.0 13.0 45.0 6.0 23.0 19.0 99.0 87.0 71.0 0.0 10.0 73.0 0.0 45.0 25.0 21.0 17.0 55.0 100.0 41.0 73.0 81.0 67.0 70.0 53.0 52.0 54.0 28.0 6.0 88.0 26.0 78.0 34.0 36.0 90.0 6.0 65.0 4.0 29.0 36.0 100.0 23.0 73.0 4.0 29.0 94.0 12.0 71.0 28.0 64.0 98.0 9.0 60.0 41.0 59.0 0.0 14.0 32.0 79.0 60.0 96.0 
27 33.0 83.0 91.0 77.0 91.0 30.0 0.0 14.0 89.0 61.0 0.0 73.0 59.0 11.0 40.0 0.0 61.0 84.0 28.0 14.0 97.0 6.0 51.0 60.0 46.0 26.0 9.0 0.0 93.0 59.0 82.0 76.0 0.0 73.0 74.0 88.0 43.0 68.0 66.0 84.0 92.0 14.0 82.0 19.0 0.0 33.0 34.0 21.0 10.0 96.0 76.0 6.0 20.0 0.0 54.0 40.0 28.0 77.0 85.0 0.0 0.0 38.0 55.0 93.0 85.0 61.0 71.0 20.0 69.0 59.0 57.0 0.0 90.0 26.0 0.0 57.0 0.0 0.0 0.0 22.0 93.0 73.0 20.0 0.0 15.0 6.0 97.0 21.0 46.0 88.0 42.0 51.0 11.0 91.0 68.0 100.0 34.0 0.0 17.0 24.0 
28 90.0 89.0 36.0 92.0 93.0 0.0 0.0 97.0 3.0 39.0 36.0 67.0 53.0 0.0 7.0 93.0 39.0 47.0 3.0 0.0 20.0 35.0 46.0 3.0 34.0 10.0 68.0 93.0 87.0 40.0 99.0 0.0 90.0 37.0 9.0 78.0 0.0 15.0 32.0 41.0 31.0 46.0 90.0 3.0 97.0 0.0 99.0 0.0 47.0 10.0 92.0 77.0 87.0 54.0 0.0 91.0 43.0 0.0 50.0 11.0 7.0 95.0 16.0 44.0 16.0 0.0 10.0 72.0 65.0 0.0 50.0 39.0 0.0 44.0 91.0 49.0 0.0 0.0 20.0 0.0 55.0 0.0 0.0 63.0 53.0 99.0 44.0 0.0 0.0 0.0 46.0 79.0 5.0 2.0 49.0 44.0 0.0 11.0 0.0 55.0 
29 59.0 17.0 0.0 0.0 43.0 53.0 22.0 81.0 37.0 77.0 0.0 99.0 38.0 0.0 45.0 6.0 86.0 7.0 7.0 75.0 59.0 2.0 46.0 0.0 20.0 90.0 59.0 59.0 40.0 0.0 8.0 0.0 80.0 25.0 11.0 6.0 80.0 76.0 38.0 2.0 6.0 23.0 74.0 51.0 0.0 55.0 29.0 34.0 64.0 59.0 27.0 14.0 48.0 84.0 0.0 35.0 62.0 26.0 68.0 78.0 52.0 37.0 35.0 0.0 53.0 0.0 5.0 0.0 91.0 70.0 0.0 81.0 45.0 75.0 27.0 25.0 67.0 96.0 12.0 14.0 12.0 50.0 45.0 71.0 9.0 13.0 91.0 81.0 0.0 0.0 6.0 94.0 81.0 22.0 0.0 0.0 73.0 9.0 93.0 1.0 
30 47.0 5.0 33.0 54.0 56.0 0.0 77.0 0.0 16.0 1.0 17.0 3.0 39.0 35.0 19.0 25.0 12.0 30.0 1.0 62.0 62.0 72.0 73.0 54.0 21.0 74.0 95.0 82.0 99.0 8.0 10.0 12.0 84.0 13.0 34.0 34.0 1.0 13.0 24.0 0.0 5.0 0.0 81.0 86.0 76.0 82.0 76.0 37.0 41.0 95.0 60.0 0.0 26.0 0.0 15.0 10.0 75.0 63.0 23.0 47.0 87.0 61.0 89.0 32.0 90.0 65.0 12.0 85.0 23.0 58.0 2.0 0.0 91.0 80.0 91.0 7.0 17.0 0.0 81.0 96.0 64.0 50.0 80.0 0.0 93.0 75.0 1.0 59.0 55.0 77.0 91.0 81.0 19.0 23.0 57.0 58.0 0.0 68.0 24.0 0.0 
31 94.0 56.0 30.0 0.0 65.0 61.0 33.0 65.0 93.0 67.0 10.0 75.0 87.0 39.0 73.0 67.0 48.0 56.0 6.0 44.0 73.0 50.0 21.0 47.0 0.0 37.0 7.0 76.0 0.0 0.0 12.0 0.0 46.0 94.0 77.0 37.0 26.0 81.0 74.0 54.0 53.0 79.0 68.0 69.0 10.0 34.0 85.0 40.0 52.0 0.0 53.0 68.0 47.0 75.0 39.0 41.0 51.0 0.0 71.0 95.0 6.0 1.0 84.0 46.0 79.0 27.0 34.0 21.0 92.0 98.0 0.0 18.0 19.0 54.0 86.0 3.0 96.0 100.0 46.0 15.0 53.0 56.0 91.0 21.0 63.0 8.0 82.0 64.0 90.0 0.0 92.0 63.0 73.0 0.0 64.0 2.0 64.0 11.0 98.0 0.0 
32 10.0 82.0 5.0 6.0 56.0 94.0 0.0 40.0 21.0 67.0 93.0 0.0 13.0 46.0 0.0 36.0 98.0 6.0 65.0 0.0 84.0 64.0 88.0 9.0 82.0 0.0 66.0 0.0 90.0 80.0 84.0 46.0 0.0 94.0 29.0 76.0 58.0 16.0 81.0 50.0 37.0 17.0 49.0 40.0 0.0 99.0 99.0 18.0 94.0 8.0 93.0 65.0 37.0 7.0 20.0 16.0 5.0 25.0 80.0 24.0 66.0 58.0 30.0 30.0 22.0 0.0 26.0 70.0 100.0 41.0 0.0 19.0 52.0 82.0 8.0 11.0 81.0 88.0 31.0 85.0 65.0 37.0 0.0 51.0 0.0 25.0 72.0 0.0 74.0 37.0 65.0 96.0 55.0 40.0 96.0 0.0 67.0 0.0 0.0 51.0 
33 94.0 48.0 74.0 35.0 47.0 0.0 12.0 61.0 79.0 32.0 65.0 76.0 6.0 0.0 0.0 9.0 12.0 91.0 52.0 33.0 44.0 63.0 39.0 79.0 57.0 0.0 89.0 73.0 37.0 25.0 13.0 94.0 94.0 56.0 40.0 83.0 40.0 89.0 83.0 20.0 30.0 47.0 24.0 33.0 70.0 42.0 14.0 99.0 74.0 35.0 8.0 0.0 9.0 33.0 89.0 94.0 15.0 94.0 48.0 78.0 31.0 46.0 73.0 97.0 36.0 39.0 46.0 7.0 44.0 46.0 69.0 0.0 27.0 66.0 23.0 87.0 0.0 32.0 17.0 0.0 0.0 12.0 0.0 37.0 0.0 65.0 22.0 73.0 92.0 24.0 34.0 52.0 0.0 23.0 0.0 52.0 79.0 6.0 28.0 28.0 
34 45.0 23.0 76.0 86.0 12.0 8.0 53.0 69.0 99.0 11.0 14.0 29.0 92.0 37.0 17.0 88.0 36.0 0.0 12.0 0.0 29.0 76.0 71.0 66.0 0.0 29.0 0.0 74.0 9.0 11.0 34.0 77.0 29.0 40.0 35.0 97.0 83.0 70.0 76.0 2.0 47.0 0.0 68.0 89.0 21.0 77.0 76.0 42.0 49.0 48.0 0.0 63.0 56.0 4.0 65.0 0.0 72.0 11.0 68.0 69.0 10.0 36.0 0.0 84.0 43.0 15.0 22.0 70.0 0.0 56.0 26.0 30.0 86.0 6.0 0.0 97.0 83.0 39.0 52.0 43.0 32.0 44.0 34.0 11.0 0.0 58.0 87.0 35.0 93.0 78.0 12.0 9.0 61.0 0.0 72.0 60.0 0.0 0.0 91.0 57.0 
35 83.0 55.0 20.0 14.0 54.0 6.0 76.0 86.0 75.0 0.0 17.0 25.0 22.0 84.0 58.0 15.0 5.0 0.0 54.0 62.0 13.0 57.0 92.0 92.0 81.0 48.0 34.0 88.0 78.0 6.0 34.0 37.0 76.0 83.0 97.0 11.0 0.0 36.0 27.0 19.0 40.0 93.0 29.0 21.0 0.0 44.0 18.0 12.0 98.0 18.0 0.0 54.0 91.0 24.0 15.0 92.0 60.0 27.0 54.0 52.0 28.0 74.0 80.0 38.0 0.0 53.0 0.0 63.0 30.0 60.0 38.0 31.0 98.0 39.0 0.0 66.0 8.0 26.0 77.0 85.0 0.0 11.0 53.0 72.0 0.0 14.0 100.0 0.0 81.0 31.0 92.0 100.0 0.0 97.0 7.0 25.0 81.0 78.0 33.0 0.0 
36 20.0 73.0 72.0 47.0 59.0 55.0 94.0 28.0 28.0 91.0 18.0 46.0 27.0 75.0 87.0 19.0 31.0 99.0 83.0 7.0 45.0 59.0 47.0 0.0 0.0 75.0 51.0 43.0 0.0 80.0 1.0 26.0 58.0 40.0 83.0 0.0 18.0 66.0 26.0 69.0 78.0 92.0 81.0 90.0 36.0 30.0 0.0 84.0 89.0 53.0 47.0 100.0 43.0 88.0 0.0 76.0 63.0 72.0 61.0 49.0 94.0 32.0 19.0 80.0 18.0 0.0 7.0 24.0 42.0 57.0 55.0 84.0 26.0 52.0 39.0 23.0 85.0 0.0 10.0 0.0 45.0 5.0 94.0 23.0 93.0 96.0 64.0 0.0 0.0 73.0 22.0 36.0 90.0 74.0 51.0 51.0 43.0 0.0 0.0 46.0 
37 0.0 17.0 15.0 37.0 60.0 0.0 95.0 0.0 36.0 0.0 62.0 0.0 46.0 40.0 0.0 19.0 70.0 58.0 28.0 89.0 99.0 77.0 75.0 86.0 12.0 0.0 0.0 68.0 15.0 76.0 13.0 81.0 16.0 89.0 70.0 36.0 66.0 17.0 64.0 63.0 68.0 55.0 27.0 53.0 46.0 8.0 38.0 2.0 94.0 56.0 84.0 94.0 0.0 76.0 63.0 1.0 0.0 12.0 73.0 13.0 0.0 0.0 42.0 56.0 73.0 72.0 0.0 14.0 74.0 90.0 50.0 37.0 67.0 81.0 60.0 84.0 100.0 74.0 18.0 69.0 75.0 68.0 77.0 9.0 38.0 67.0 100.0 35.0 11.0 0.0 91.0 80.0 40.0 33.0 63.0 93.0 57.0 73.0 4.0 89.0 
38 16.0 81.0 41.0 0.0 84.0 30.0 74.0 26.0 70.0 73.0 41.0 75.0 0.0 85.0 84.0 63.0 47.0 89.0 0.0 70.0 12.0 14.0 85.0 8.0 46.0 62.0 22.0 66.0 32.0 38.0 24.0 74.0 81.0 83.0 76.0 27.0 26.0 64.0 57.0 4.0 17.0 97.0 77.0 98.0 55.0 7.0 88.0 45.0 97.0 91.0 0.0 31.0 0.0 29.0 47.0 48.0 20.0 28.0 8.0 62.0 64.0 99.0 18.0 37.0 98.0 32.0 56.0 21.0 0.0 0.0 9.0 16.0 0.0 19.0 0.0 0.0 26.0 15.0 0.0 0.0 99.0 58.0 93.0 0.0 0.0 75.0 25.0 73.0 57.0 41.0 65.0 69.0 18.0 80.0 70.0 27.0 39.0 94.0 15.0 18.0 
39 51.0 60.0 31.0 99.0 71.0 43.0 56.0 9.0 74.0 0.0 1.0 49.0 44.0 70.0 59.0 8.0 69.0 32.0 49.0 0.0 0.0 23.0 80.0 48.0 96.0 0.0 85.0 84.0 41.0 2.0 0.0 54.0 50.0 20.0 2.0 19.0 69.0 63.0 4.0 73.0 0.0 0.0 62.0 86.0 36.0 82.0 0.0 20.0 75.0 66.0 56.0 56.0 22.0 69.0 81.0 18.0 48.0 18.0 0.0 10.0 43.0 24.0 20.0 0.0 83.0 98.0 12.0 17.0 68.0 34.0 18.0 77.0 47.0 0.0 54.0 56.0 47.0 89.0 78.0 10.0 59.0 46.0 2.0 26.0 59.0 9.0 9.0 0.0 12.0 0.0 69.0 38.0 16.0 0.0 71.0 0.0 62.0 55.0 0.0 19.0 
40 33.0 53.0 70.0 57.0 50.0 84.0 0.0 24.0 78.0 89.0 31.0 50.0 4.0 17.0 45.0 41.0 99.0 93.0 23.0 77.0 88.0 73.0 66.0 1.0 91.0 58.0 13.0 92.0 31.0 6.0 5.0 53.0 37.0 30.0 47.0 40.0 78.0 68.0 17.0 0.0 62.0 5.0 45.0 15.0 28.0 100.0 34.0 76.0 62.0 0.0 61.0 0.0 61.0 55.0 88.0 0.0 51.0 0.0 6.0 36.0 72.0 0.0 88.0 57.0 0.0 86.0 79.0 0.0 0.0 44.0 51.0 11.0 55.0 92.0 0.0 3.0 26.0 64.0 0.0 0.0 56.0 14.0 1.0 44.0 10.0 62.0 37.0 34.0 47.0 47.0 93.0 22.0 4.0 75.0 68.0 0.0 77.0 38.0 39.0 2.0 
41 46.0 54.0 14.0 88.0 19.0 62.0 84.0 7.0 94.0 41.0 48.0 30.0 0.0 92.0 58.0 21.0 8.0 70.0 0.0 96.0 74.0 11.0 68.0 80.0 47.0 42.0 45.0 14.0 46.0 23.0 0.0 79.0 17.0 47.0 0.0 93.0 92.0 55.0 97.0 0.0 5.0 0.0 83.0 1.0 78.0 0.0 26.0 65.0 27.0 0.0 98.0 1.0 0.0 32.0 15.0 0.0 0.0 99.0 33.0 51.0 5.0 63.0 0.0 47.0 99.0 48.0 99.0 0.0 99.0 79.0 39.0 49.0 80.0 33.0 89.0 1.0 63.0 31.0 39.0 3.0 92.0 77.0 9.0 77.0 37.0 52.0 43.0 57.0 49.0 53.0 0.0 32.0 71.0 83.0 93.0 0.0 42.0 90.0 7.0 54.0 
42 87.0 37.0 22.0 0.0 24.0 72.0 65.0 32.0 8.0 70.0 66.0 44.0 0.0 38.0 39.0 59.0 73.0 20.0 15.0 13.0 24.0 34.0 30.0 47.0 71.0 79.0 6.0 82.0 90.0 74.0 81.0 68.0 49.0 24.0 68.0 29.0 81.0 27.0 77.0 62.0 45.0 83.0 15.0 77.0 35.0 37.0 57.0 6.0 23.0 95.0 33.0 0.0 20.0 100.0 60.0 0.0 81.0 0.0 87.0 0.0 65.0 50.0 13.0 51.0 78.0 14.0 18.0 0.0 0.0 68.0 78.0 30.0 9.0 22.0 45.0 35.0 9.0 54.0 88.0 85.0 80.0 34.0 37.0 43.0 0.0 64.0 33.0 92.0 74.0 98.0 76.0 29.0 56.0 16.0 0.0 0.0 0.0 46.0 34.0 0.0 
43 0.0 87.0 0.0 2.0 69.0 64.0 79.0 27.0 1.0 0.0 8.0 32.0 2.0 72.0 23.0 57.0 12.0 32.0 68.0 63.0 56.0 49.0 34.0 100.0 95.0 35.0 23.0 19.0 3.0 51.0 86.0 69.0 40.0 33.0 89.0 21.0 90.0 53.0 98.0 86.0 15.0 1.0 77.0 0.0 73.0 40.0 26.0 31.0 83.0 21.0 34.0 51.0 16.0 0.0 46.0 18.0 97.0 90.0 21.0 92.0 71.0 40.0 54.0 48.0 0.0 77.0 7.0 64.0 52.0 11.0 31.0 32.0 0.0 60.0 36.0 49.0 80.0 56.0 36.0 72.0 33.0 54.0 90.0 97.0 2.0 16.0 62.0 0.0 34.0 0.0 42.0 76.0 77.0 32.0 68.0 20.0 87.0 30.0 66.0 80.0 
44 0.0 58.0 0.0 30.0 74.0 59.0 74.0 63.0 65.0 86.0 84.0 33.0 13.0 98.0 1.0 31.0 6.0 20.0 50.0 0.0 92.0 4.0 36.0 3.0 66.0 99.0 19.0 0.0 97.0 0.0 76.0 10.0 0.0 70.0 21.0 0.0 36.0 46.0 55.0 36.0 28.0 78.0 35.0 73.0 58.0 0.0 77.0 84.0 0.0 55.0 39.0 81.0 92.0 0.0 82.0 40.0 91.0 48.0 61.0 92.0 0.0 87.0 0.0 30.0 0.0 87.0 23.0 0.0 0.0 77.0 0.0 16.0 56.0 94.0 93.0 15.0 97.0 22.0 79.0 96.0 69.0 91.0 71.0 77.0 55.0 83.0 0.0 0.0 78.0 96.0 55.0 0.0 47.0 52.0 82.0 8.0 0.0 63.0 38.0 56.0 
45 39.0 34.0 0.0 46.0 97.0 0.0 49.0 33.0 18.0 46.0 57.0 96.0 55.0 43.0 30.0 46.0 37.0 52.0 82.0 0.0 12.0 61.0 23.0 62.0 25.0 35.0 99.0 33.0 0.0 55.0 82.0 34.0 99.0 42.0 77.0 44.0 30.0 8.0 7.0 82.0 100.0 0.0 37.0 40.0 0.0 0.0 73.0 35.0 58.0 60.0 59.0 91.0 1.0 89.0 29.0 47.0 99.0 0.0 0.0 49.0 55.0 92.0 87.0 77.0 24.0 15.0 60.0 60.0 92.0 19.0 56.0 0.0 13.0 86.0 99.0 11.0 0.0 0.0 30.0 15.0 91.0 35.0 61.0 0.0 49.0 40.0 52.0 0.0 98.0 0.0 90.0 1.0 0.0 11.0 43.0 74.0 56.0 15.0 0.0 0.0 
46 44.0 56.0 93.0 37.0 86.0 43.0 1.0 88.0 71.0 36.0 19.0 33.0 3.0 45.0 97.0 84.0 87.0 10.0 31.0 0.0 0.0 99.0 84.0 37.0 83.0 61.0 87.0 34.0 99.0 29.0 76.0 85.0 99.0 14.0 76.0 18.0 0.0 38.0 88.0 0.0 34.0 26.0 57.0 26.0 77.0 73.0 0.0 0.0 88.0 45.0 35.0 0.0 40.0 83.0 63.0 96.0 40.0 0.0 73.0 82.0 98.0 57.0 74.0 85.0 70.0 0.0 49.0 48.0 72.0 36.0 36.0 2.0 41.0 8.0 80.0 63.0 63.0 0.0 28.0 61.0 15.0 0.0 48.0 85.0 83.0 27.0 81.0 73.0 8.0 15.0 61.0 8.0 63.0 93.0 88.0 6.0 6.0 67.0 36.0 56.0 
47 63.0 47.0 0.0 6.0 63.0 97.0 95.0 15.0 71.0 39.0 73.0 41.0 89.0 91.0 15.0 67.0 11.0 72.0 0.0 58.0 4.0 9.0 68.0 30.0 15.0 2.0 71.0 21.0 0.0 34.0 37.0 40.0 18.0 99.0 42.0 12.0 84.0 2.0 45.0 20.0 76.0 65.0 6.0 31.0 84.0 35.0 0.0 95.0 60.0 17.0 39.0 11.0 0.0 0.0 78.0 43.0 64.0 2.0 98.0 88.0 25.0 39.0 56.0 53.0 22.0 25.0 39.0 48.0 48.0 82.0 0.0 0.0 21.0 83.0 39.0 41.0 5.0 8.0 4.0 0.0 38.0 4.0 72.0 21.0 14.0 9.0 29.0 45.0 82.0 96.0 1.0 57.0 83.0 43.0 95.0 86.0 96.0 54.0 100.0 23.0 
48 34.0 0.0 0.0 13.0 14.0 11.0 78.0 31.0 1.0 41.0 55.0 97.0 88.0 97.0 39.0 15.0 62.0 43.0 46.0 21.0 50.0 0.0 30.0 23.0 72.0 77.0 0.0 10.0 47.0 64.0 41.0 52.0 94.0 74.0 49.0 98.0 89.0 94.0 97.0 75.0 62.0 27.0 23.0 83.0 0.0 58.0 88.0 60.0 0.0 20.0 61.0 38.0 0.0 0.0 72.0 0.0 73.0 26.0 0.0 89.0 4.0 65.0 0.0 53.0 0.0 0.0 56.0 27.0 0.0 13.0 62.0 0.0 0.0 32.0 92.0 98.0 35.0 71.0 43.0 84.0 99.0 2.0 52.0 79.0 35.0 6.0 0.0 100.0 80.0 88.0 46.0 31.0 41.0 61.0 0.0 60.0 82.0 0.0 94.0 53.0 
49 48.0 22.0 0.0 0.0 60.0 64.0 28.0 42.0 1.0 56.0 60.0 85.0 17.0 0.0 38.0 0.0 41.0 10.0 81.0 0.0 1.0 47.0 0.0 48.0 9.0 86.0 10.0 96.0 10.0 59.0 95.0 0.0 8.0 35.0 48.0 18.0 53.0 56.0 91.0 66.0 0.0 0.0 95.0 21.0 55.0 60.0 45.0 17.0 20.0 48.0 1.0 48.0 47.0 50.0 0.0 0.0 0.0 72.0 16.0 77.0 75.0 61.0 76.0 10.0 18.0 25.0 88.0 93.0 74.0 77.0 11.0 69.0 99.0 70.0 97.0 70.0 76.0 61.0 91.0 38.0 11.0 75.0 33.0 94.0 94.0 32.0 48.0 92.0 38.0 94.0 6.0 73.0 0.0 44.0 51.0 43.0 65.0 91.0 3.0 37.0 
50 0.0 71.0 60.0 27.0 95.0 0.0 45.0 0.0 45.0 80.0 29.0 50.0 20.0 87.0 71.0 65.0 28.0 21.0 84.0 51.0 18.0 94.0 51.0 2.0 26.0 0.0 73.0 76.0 92.0 27.0 60.0 53.0 93.0 8.0 0.0 0.0 47.0 84.0 0.0 56.0 61.0 98.0 33.0 34.0 39.0 59.0 35.0 39.0 61.0 1.0 90.0 2.0 56.0 84.0 0.0 5.0 32.0 60.0 31.0 6.0 48.0 82.0 33.0 6.0 34.0 64.0 15.0 8.0 14.0 69.0 37.0 0.0 28.0 9.0 40.0 57.0 25.0 0.0 97.0 8.0 0.0 5.0 60.0 12.0 22.0 0.0 30.0 36.0 84.0 1.0 0.0 81.0 16.0 71.0 16.0 88.0 43.0 0.0 0.0 37.0 
51 14.0 99.0 17.0 0.0 80.0 57.0 39.0 39.0 33.0 65.0 0.0 52.0 89.0 51.0 85.0 83.0 55.0 96.0 45.0 92.0 50.0 14.0 84.0 98.0 13.0 90.0 0.0 6.0 77.0 14.0 0.0 68.0 65.0 0.0 63.0 54.0 100.0 94.0 31.0 56.0 0.0 1.0 0.0 51.0 81.0 91.0 0.0 11.0 38.0 48.0 2.0 59.0 84.0 16.0 75.0 66.0 38.0 70.0 40.0 81.0 56.0 96.0 0.0 92.0 9.0 16.0 0.0 100.0 56.0 53.0 32.0 13.0 80.0 63.0 26.0 97.0 37.0 57.0 46.0 1.0 64.0 0.0 6.0 57.0 58.0 29.0 72.0 1.0 57.0 33.0 34.0 99.0 0.0 15.0 90.0 0.0 0.0 0.0 85.0 79.0 
52 82.0 67.0 61.0 38.0 47.0 63.0 61.0 0.0 92.0 2.0 79.0 69.0 67.0 64.0 31.0 15.0 15.0 99.0 17.0 4.0 11.0 66.0 78.0 94.0 90.0 75.0 45.0 20.0 87.0 48.0 26.0 47.0 37.0 9.0 56.0 91.0 43.0 0.0 0.0 22.0 61.0 0.0 20.0 16.0 92.0 1.0 40.0 0.0 0.0 47.0 56.0 84.0 67.0 72.0 58.0 30.0 34.0 76.0 51.0 67.0 61.0 18.0 44.0 53.0 29.0 40.0 98.0 52.0 65.0 33.0 97.0 11.0 54.0 36.0 61.0 11.0 58.0 91.0 0.0 39.0 61.0 60.0 57.0 81.0 22.0 62.0 53.0 63.0 0.0 0.0 35.0 36.0 61.0 40.0 95.0 62.0 24.0 98.0 74.0 69.0 
53 89.0 87.0 0.0 63.0 19.0 6.0 91.0 19.0 12.0 93.0 17.0 67.0 73.0 5.0 67.0 6.0 66.0 0.0 85.0 81.0 0.0 49.0 36.0 7.0 0.0 62.0 25.0 0.0 54.0 84.0 0.0 75.0 7.0 33.0 4.0 24.0 88.0 76.0 29.0 69.0 55.0 32.0 100.0 0.0 0.0 89.0 83.0 0.0 0.0 50.0 84.0 16.0 72.0 65.0 57.0 38.0 42.0 0.0 76.0 66.0 82.0 28.0 95.0 54.0 78.0 20.0 12.0 70.0 34.0 0.0 41.0 78.0 43.0 41.0 5.0 99.0 3.0 34.0 21.0 8.0 0.0 55.0 26.0 0.0 12.0 74.0 6.0 0.0 55.0 10.0 43.0 33.0 93.0 33.0 43.0 0.0 53.0 0.0 12.0 80.0 
54 17.0 56.0 0.0 57.0 26.0 8.0 62.0 5.0 0.0 50.0 89.0 74.0 83.0 29.0 35.0 48.0 30.0 41.0 91.0 0.0 80.0 50.0 0.0 0.0 37.0 27.0 21.0 54.0 0.0 0.0 15.0 39.0 20.0 89.0 65.0 15.0 0.0 63.0 47.0 81.0 88.0 15.0 60.0 46.0 82.0 29.0 63.0 78.0 72.0 0.0 0.0 75.0 58.0 57.0 22.0 30.0 44.0 61.0 91.0 23.0 78.0 35.0 0.0 21.0 0.0 71.0 82.0 43.0 3.0 20.0 0.0 86.0 81.0 0.0 56.0 74.0 0.0 3.0 38.0 23.0 54.0 7.0 40.0 9.0 16.0 76.0 0.0 62.0 66.0 3.0 0.0 84.0 89.0 62.0 2.0 92.0 9.0 20.0 53.0 31.0 
55 9.0 26.0 0.0 44.0 95.0 19.0 45.0 32.0 61.0 47.0 0.0 80.0 47.0 0.0 0.0 56.0 52.0 3.0 58.0 81.0 0.0 35.0 77.0 85.0 84.0 41.0 17.0 40.0 91.0 35.0 10.0 41.0 16.0 94.0 0.0 92.0 76.0 1.0 48.0 18.0 0.0 0.0 0.0 18.0 40.0 47.0 96.0 43.0 0.0 0.0 5.0 66.0 30.0 38.0 30.0 47.0 53.0 90.0 80.0 91.0 57.0 97.0 36.0 0.0 51.0 30.0 58.0 90.0 22.0 0.0 42.0 32.0 0.0 32.0 86.0 71.0 19.0 23.0 78.0 33.0 7.0 0.0 74.0 85.0 82.0 94.0 0.0 0.0 0.0 15.0 40.0 94.0 93.0 64.0 30.0 78.0 17.0 2.0 33.0 66.0 
56 94.0 52.0 3.0 13.0 65.0 23.0 82.0 68.0 70.0 22.0 38.0 9.0 20.0 65.0 29.0 42.0 0.0 23.0 100.0 0.0 28.0 83.0 57.0 27.0 43.0 58.0 55.0 28.0 43.0 62.0 75.0 51.0 5.0 15.0 72.0 60.0 63.0 0.0 20.0 48.0 51.0 0.0 81.0 97.0 91.0 99.0 40.0 64.0 73.0 0.0 32.0 38.0 34.0 42.0 44.0 53.0 3.0 87.0 74.0 13.0 14.0 24.0 37.0 24.0 0.0 60.0 0.0 0.0 50.0 71.0 19.0 14.0 26.0 32.0 0.0 97.0 43.0 47.0 79.0 65.0 56.0 10.0 4.0 7.0 90.0 76.0 0.0 67.0 97.0 0.0 39.0 53.0 25.0 78.0 15.0 79.0 66.0 78.0 50.0 45.0 
57 70.0 95.0 95.0 0.0 0.0 22.0 31.0 58.0 29.0 58.0 0.0 18.0 56.0 57.0 15.0 17.0 0.0 58.0 0.0 52.0 0.0 86.0 57.0 1.0 60.0 0.0 100.0 77.0 0.0 26.0 63.0 0.0 25.0 94.0 11.0 27.0 72.0 12.0 28.0 18.0 0.0 99.0 0.0 90.0 48.0 0.0 0.0 2.0 26.0 72.0 60.0 70.0 76.0 0.0 61.0 90.0 87.0 0.0 43.0 61.0 55.0 86.0 3.0 0.0 10.0 4.0 20.0 73.0 26.0 65.0 99.0 56.0 66.0 71.0 92.0 14.0 25.0 87.0 91.0 0.0 16.0 16.0 0.0 45.0 44.0 58.0 34.0 2.0 33.0 23.0 0.0 0.0 0.0 53.0 33.0 98.0 19.0 1.0 57.0 0.0 
58 95.0 18.0 39.0 0.0 49.0 0.0 62.0 54.0 16.0 90.0 52.0 43.0 77.0 85.0 78.0 47.0 42.0 72.0 0.0 15.0 75.0 86.0 66.0 47.0 0.0 24.0 41.0 85.0 50.0 68.0 23.0 71.0 80.0 48.0 68.0 54.0 61.0 73.0 8.0 0.0 6.0 33.0 87.0 21.0 61.0 0.0 73.0 98.0 0.0 16.0 31.0 40.0 51.0 76.0 91.0 80.0 74.0 43.0 63.0 74.0 33.0 55.0 81.0 71.0 77.0 19.0 91.0 69.0 44.0 50.0 6.0 31.0 48.0 34.0 63.0 91.0 0.0 43.0 53.0 8.0 12.0 21.0 93.0 84.0 52.0 13.0 72.0 23.0 69.0 83.0 11.0 46.0 8.0 81.0 45.0 17.0 59.0 2.0 56.0 73.0 
59 56.0 93.0 0.0 28.0 2.0 11.0 0.0 68.0 0.0 1.0 9.0 0.0 51.0 68.0 97.0 56.0 4.0 0.0 80.0 55.0 20.0 0.0 93.0 50.0 18.0 16.0 73.0 0.0 11.0 78.0 47.0 95.0 24.0 78.0 69.0 52.0 49.0 13.0 62.0 10.0 36.0 51.0 0.0 92.0 92.0 49.0 82.0 88.0 89.0 77.0 6.0 81.0 67.0 66.0 23.0 91.0 13.0 61.0 74.0 13.0 44.0 14.0 41.0 75.0 0.0 62.0 84.0 24.0 0.0 65.0 12.0 56.0 46.0 38.0 27.0 0.0 100.0 46.0 97.0 88.0 73.0 84.0 9.0 64.0 0.0 91.0 81.0 48.0 35.0 0.0 92.0 85.0 38.0 9.0 85.0 83.0 77.0 78.0 84.0 1.0 
60 42.0 40.0 33.0 55.0 64.0 98.0 56.0 0.0 18.0 92.0 0.0 29.0 49.0 18.0 1.0 0.0 84.0 21.0 7.0 54.0 81.0 87.0 6.0 1.0 65.0 75.0 81.0 0.0 7.0 52.0 87.0 6.0 66.0 31.0 10.0 28.0 94.0 0.0 64.0 43.0 72.0 5.0 65.0 71.0 0.0 55.0 98.0 25.0 4.0 75.0 48.0 56.0 61.0 82.0 78.0 57.0 14.0 55.0 33.0 44.0 3.0 79.0 55.0 59.0 21.0 66.0 48.0 64.0 90.0 70.0 17.0 0.0 17.0 100.0 82.0 70.0 63.0 79.0 88.0 25.0 88.0 72.0 37.0 0.0 61.0 38.0 21.0 0.0 96.0 77.0 97.0 91.0 75.0 45.0 15.0 27.0 43.0 74.0 16.0 56.0 
61 0.0 0.0 19.0 21.0 13.0 44.0 40.0 13.0 0.0 8.0 3.0 7.0 18.0 87.0 64.0 0.0 49.0 58.0 0.0 55.0 81.0 16.0 46.0 41.0 0.0 82.0 67.0 38.0 95.0 37.0 61.0 1.0 58.0 46.0 36.0 74.0 32.0 0.0 99.0 24.0 0.0 63.0 50.0 40.0 87.0 92.0 57.0 39.0 65.0 61.0 82.0 96.0 18.0 28.0 35.0 97.0 24.0 86.0 55.0 14.0 79.0 0.0 12.0 0.0 66.0 6.0 70.0 89.0 0.0 76.0 83.0 73.0 17.0 5.0 55.0 62.0 13.0 92.0 0.0 0.0 4.0 69.0 67.0 39.0 28.0 73.0 81.0 71.0 69.0 57.0 90.0 24.0 31.0 87.0 3.0 12.0 60.0 24.0 12.0 47.0 
62 64.0 0.0 47.0 2.0 22.0 87.0 62.0 54.0 96.0 62.0 97.0 23.0 7.0 9.0 80.0 1.0 90.0 1.0 52.0 81.0 86.0 3.0 0.0 63.0 30.0 15.0 70.0 55.0 16.0 35.0 89.0 84.0 30.0 73.0 0.0 80.0 19.0 42.0 18.0 20.0 88.0 0.0 13.0 54.0 0.0 87.0 74.0 56.0 0.0 76.0 33.0 0.0 44.0 95.0 0.0 36.0 37.0 3.0 81.0 41.0 55.0 12.0 31.0 19.0 0.0 98.0 34.0 0.0 83.0 0.0 51.0 20.0 62.0 55.0 63.0 25.0 0.0 34.0 73.0 62.0 3.0 8.0 14.0 55.0 0.0 69.0 34.0 47.0 23.0 40.0 50.0 82.0 88.0 13.0 0.0 92.0 100.0 92.0 62.0 64.0 
63 53.0 46.0 15.0 14.0 0.0 54.0 0.0 0.0 88.0 99.0 3.0 82.0 86.0 0.0 48.0 69.0 59.0 82.0 35.0 0.0 66.0 60.0 88.0 21.0 8.0 17.0 53.0 93.0 44.0 0.0 32.0 46.0 30.0 97.0 84.0 38.0 80.0 56.0 37.0 0.0 57.0 47.0 51.0 48.0 30.0 77.0 85.0 53.0 53.0 10.0 6.0 92.0 53.0 54.0 21.0 0.0 24.0 0.0 71.0 75.0 59.0 0.0 19.0 93.0 0.0 10.0 95.0 13.0 60.0 62.0 6.0 56.0 35.0 71.0 46.0 76.0 0.0 46.0 92.0 93.0 21.0 0.0 24.0 100.0 0.0 8.0 0.0 23.0 66.0 59.0 32.0 69.0 40.0 69.0 16.0 60.0 24.0 11.0 7.0 79.0 
64 77.0 83.0 88.0 52.0 0.0 37.0 66.0 26.0 19.0 87.0 90.0 60.0 2.0 1.0 23.0 54.0 0.0 80.0 95.0 37.0 50.0 17.0 60.0 57.0 18.0 8.0 52.0 85.0 16.0 53.0 90.0 79.0 22.0 36.0 43.0 0.0 18.0 73.0 98.0 83.0 0.0 99.0 78.0 0.0 0.0 24.0 70.0 22.0 0.0 18.0 34.0 9.0 29.0 78.0 0.0 51.0 0.0 10.0 77.0 0.0 21.0 66.0 0.0 0.0 81.0 24.0 20.0 78.0 42.0 1.0 31.0 98.0 47.0 23.0 15.0 13.0 59.0 48.0 17.0 47.0 45.0 14.0 44.0 65.0 71.0 44.0 3.0 0.0 54.0 33.0 42.0 81.0 51.0 13.0 13.0 8.0 81.0 54.0 13.0 14.0 
65 63.0 59.0 91.0 63.0 45.0 62.0 87.0 65.0 98.0 9.0 0.0 54.0 4.0 28.0 52.0 70.0 52.0 0.0 38.0 100.0 71.0 77.0 51.0 65.0 45.0 55.0 54.0 61.0 0.0 0.0 65.0 27.0 0.0 39.0 15.0 53.0 0.0 72.0 32.0 98.0 86.0 48.0 14.0 77.0 87.0 15.0 0.0 25.0 0.0 25.0 64.0 16.0 40.0 20.0 71.0 30.0 60.0 4.0 19.0 62.0 66.0 6.0 98.0 10.0 24.0 0.0 85.0 33.0 19.0 0.0 61.0 2.0 3.0 57.0 99.0 41.0 11.0 75.0 55.0 57.0 44.0 93.0 95.0 31.0 80.0 97.0 46.0 7.0 48.0 88.0 25.0 59.0 6.0 74.0 97.0 55.0 0.0 8.0 0.0 66.0 
66 0.0 19.0 77.0 17.0 61.0 41.0 63.0 18.0 31.0 0.0 58.0 0.0 100.0 67.0 67.0 61.0 89.0 67.0 11.0 20.0 77.0 21.0 68.0 93.0 79.0 17.0 28.0 71.0 10.0 5.0 12.0 34.0 26.0 46.0 22.0 0.0 7.0 0.0 56.0 12.0 79.0 99.0 18.0 7.0 23.0 60.0 49.0 39.0 56.0 88.0 15.0 0.0 98.0 12.0 82.0 58.0 0.0 20.0 91.0 84.0 48.0 70.0 34.0 95.0 20.0 85.0 16.0 93.0 0.0 0.0 12.0 92.0 14.0 69.0 47.0 86.0 37.0 64.0 35.0 34.0 5.0 26.0 71.0 86.0 0.0 28.0 5.0 43.0 52.0 72.0 0.0 0.0 0.0 66.0 77.0 72.0 48.0 31.0 90.0 34.0 
67 84.0 85.0 0.0 18.0 10.0 23.0 75.0 0.0 0.0 47.0 6.0 24.0 69.0 45.0 62.0 6.0 68.0 55.0 16.0 61.0 22.0 55.0 59.0 76.0 8.0 65.0 6.0 20.0 72.0 0.0 85.0 21.0 70.0 7.0 70.0 63.0 24.0 14.0 21.0 17.0 0.0 0.0 0.0 64.0 0.0 60.0 48.0 48.0 27.0 93.0 8.0 100.0 52.0 70.0 43.0 90.0 0.0 73.0 69.0 24.0 64.0 89.0 0.0 13.0 78.0 33.0 93.0 0.0 88.0 12.0 100.0 0.0 39.0 45.0 60.0 13.0 19.0 53.0 37.0 0.0 0.0 23.0 0.0 48.0 72.0 68.0 10.0 89.0 100.0 36.0 89.0 66.0 36.0 9.0 9.0 71.0 99.0 45.0 53.0 57.0 
68 26.0 28.0 68.0 44.0 85.0 44.0 8.0 0.0 51.0 13.0 45.0 67.0 31.0 0.0 19.0 34.0 52.0 80.0 55.0 0.0 0.0 53.0 51.0 57.0 54.0 22.0 88.0 69.0 65.0 91.0 23.0 92.0 100.0 44.0 0.0 30.0 42.0 74.0 0.0 68.0 0.0 99.0 0.0 52.0 0.0 92.0 72.0 48.0 0.0 74.0 14.0 56.0 65.0 34.0 3.0 22.0 50.0 26.0 44.0 0.0 90.0 0.0 83.0 60.0 42.0 19.0 0.0 88.0 9.0 95.0 85.0 4.0 0.0 55.0 24.0 53.0 46.0 6.0 0.0 45.0 66.0 6.0 62.0 35.0 48.0 65.0 96.0 66.0 78.0 56.0 73.0 3.0 0.0 43.0 52.0 0.0 49.0 0.0 25.0 72.0 
69 0.0 0.0 87.0 0.0 0.0 88.0 42.0 7.0 55.0 34.0 34.0 0.0 70.0 2.0 59.0 0.0 80.0 72.0 74.0 38.0 98.0 16.0 18.0 2.0 77.0 29.0 26.0 59.0 0.0 70.0 58.0 98.0 41.0 46.0 56.0 60.0 57.0 90.0 0.0 34.0 44.0 79.0 68.0 11.0 77.0 19.0 36.0 82.0 13.0 77.0 69.0 53.0 33.0 0.0 20.0 0.0 71.0 65.0 50.0 65.0 70.0 76.0 0.0 62.0 1.0 0.0 0.0 12.0 95.0 79.0 92.0 3.0 88.0 15.0 0.0 19.0 80.0 5.0 29.0 22.0 54.0 0.0 25.0 100.0 12.0 97.0 0.0 52.0 0.0 99.0 55.0 70.0 59.0 43.0 13.0 75.0 27.0 63.0 66.0 75.0 
70 71.0 51.0 34.0 40.0 72.0 23.0 31.0 53.0 41.0 77.0 49.0 7.0 87.0 51.0 12.0 40.0 81.0 99.0 26.0 36.0 0.0 26.0 0.0 86.0 14.0 72.0 78.0 57.0 50.0 0.0 2.0 0.0 0.0 69.0 26.0 38.0 55.0 50.0 9.0 18.0 51.0 39.0 78.0 31.0 0.0 56.0 36.0 0.0 62.0 11.0 37.0 32.0 97.0 41.0 0.0 42.0 19.0 99.0 6.0 12.0 17.0 83.0 51.0 6.0 31.0 61.0 12.0 100.0 85.0 92.0 0.0 95.0 63.0 0.0 81.0 0.0 62.0 0.0 96.0 83.0 85.0 79.0 55.0 91.0 5.0 91.0 34.0 22.0 19.0 62.0 24.0 26.0 85.0 78.0 100.0 0.0 88.0 10.0 25.0 89.0 
71 0.0 86.0 0.0 43.0 0.0 11.0 51.0 42.0 0.0 8.0 28.0 22.0 98.0 76.0 15.0 21.0 0.0 0.0 24.0 81.0 15.0 47.0 35.0 0.0 65.0 0.0 34.0 0.0 39.0 81.0 0.0 18.0 19.0 0.0 30.0 31.0 84.0 37.0 16.0 77.0 11.0 49.0 30.0 32.0 16.0 0.0 2.0 0.0 0.0 69.0 0.0 13.0 11.0 78.0 86.0 32.0 14.0 56.0 31.0 56.0 0.0 73.0 20.0 56.0 98.0 2.0 92.0 0.0 4.0 3.0 95.0 85.0 49.0 3.0 48.0 5.0 23.0 0.0 57.0 0.0 65.0 61.0 21.0 55.0 61.0 76.0 92.0 50.0 65.0 2.0 64.0 24.0 50.0 24.0 73.0 94.0 12.0 82.0 29.0 64.0 
72 25.0 11.0 27.0 52.0 48.0 80.0 48.0 74.0 21.0 8.0 0.0 11.0 0.0 30.0 97.0 5.0 43.0 37.0 47.0 3.0 0.0 26.0 75.0 62.0 14.0 83.0 36.0 90.0 0.0 45.0 91.0 19.0 52.0 27.0 86.0 98.0 26.0 67.0 0.0 47.0 55.0 80.0 9.0 0.0 56.0 13.0 41.0 21.0 0.0 99.0 28.0 80.0 54.0 43.0 81.0 0.0 26.0 66.0 48.0 46.0 17.0 17.0 62.0 35.0 47.0 3.0 14.0 39.0 0.0 88.0 63.0 49.0 57.0 27.0 27.0 0.0 89.0 0.0 0.0 0.0 96.0 17.0 53.0 22.0 0.0 0.0 12.0 62.0 69.0 33.0 86.0 31.0 71.0 20.0 39.0 90.0 55.0 10.0 0.0 79.0 
73 89.0 24.0 47.0 73.0 7.0 24.0 35.0 32.0 0.0 27.0 13.0 11.0 100.0 80.0 33.0 34.0 45.0 54.0 3.0 9.0 79.0 44.0 84.0 42.0 10.0 66.0 90.0 26.0 44.0 75.0 80.0 54.0 82.0 66.0 6.0 39.0 52.0 81.0 19.0 0.0 92.0 33.0 22.0 60.0 94.0 86.0 8.0 83.0 32.0 70.0 9.0 63.0 36.0 41.0 0.0 32.0 32.0 71.0 34.0 38.0 100.0 5.0 55.0 71.0 23.0 57.0 69.0 45.0 55.0 15.0 0.0 3.0 27.0 0.0 8.0 74.0 91.0 20.0 12.0 5.0 6.0 74.0 76.0 58.0 0.0 75.0 67.0 10.0 89.0 0.0 43.0 83.0 57.0 89.0 2.0 0.0 0.0 94.0 9.0 0.0 
74 5.0 20.0 29.0 57.0 33.0 60.0 50.0 51.0 39.0 52.0 68.0 41.0 43.0 0.0 12.0 88.0 55.0 95.0 87.0 70.0 79.0 0.0 3.0 0.0 18.0 63.0 6.0 0.0 91.0 27.0 91.0 86.0 8.0 23.0 0.0 0.0 39.0 60.0 0.0 54.0 0.0 89.0 45.0 36.0 93.0 99.0 80.0 39.0 92.0 97.0 40.0 26.0 61.0 5.0 56.0 86.0 0.0 92.0 63.0 27.0 82.0 55.0 63.0 46.0 15.0 99.0 47.0 60.0 24.0 0.0 81.0 48.0 27.0 8.0 0.0 0.0 42.0 49.0 10.0 45.0 96.0 0.0 67.0 62.0 0.0 95.0 0.0 31.0 84.0 27.0 0.0 0.0 0.0 27.0 0.0 0.0 54.0 87.0 33.0 0.0 
75 0.0 100.0 28.0 4.0 86.0 74.0 50.0 85.0 96.0 40.0 14.0 53.0 29.0 73.0 12.0 83.0 42.0 96.0 70.0 79.0 88.0 72.0 0.0 3.0 54.0 0.0 65.0 57.0 49.0 25.0 7.0 3.0 11.0 87.0 97.0 66.0 23.0 84.0 0.0 56.0 3.0 1.0 35.0 49.0 15.0 11.0 63.0 41.0 98.0 70.0 57.0 97.0 11.0 99.0 74.0 71.0 97.0 14.0 91.0 0.0 70.0 62.0 25.0 76.0 13.0 41.0 86.0 13.0 53.0 19.0 0.0 5.0 0.0 74.0 0.0 0.0 57.0 57.0 93.0 44.0 14.0 5.0 38.0 42.0 0.0 86.0 90.0 0.0 52.0 90.0 63.0 0.0 49.0 97.0 29.0 56.0 29.0 77.0 50.0 39.0 
76 33.0 0.0 59.0 16.0 71.0 86.0 96.0 13.0 68.0 8.0 54.0 21.0 31.0 78.0 76.0 78.0 36.0 75.0 100.0 9.0 62.0 0.0 23.0 5.0 39.0 75.0 4.0 0.0 0.0 67.0 17.0 96.0 81.0 0.0 83.0 8.0 85.0 100.0 26.0 47.0 26.0 63.0 9.0 80.0 97.0 0.0 63.0 5.0 35.0 76.0 25.0 37.0 58.0 3.0 0.0 19.0 43.0 25.0 0.0 100.0 63.0 13.0 0.0 0.0 59.0 11.0 37.0 19.0 46.0 80.0 62.0 23.0 89.0 91.0 42.0 57.0 30.0 71.0 3.0 12.0 30.0 56.0 4.0 38.0 87.0 6.0 47.0 51.0 0.0 76.0 68.0 0.0 6.0 6.0 100.0 89.0 30.0 28.0 54.0 97.0 
77 39.0 30.0 54.0 70.0 39.0 6.0 22.0 59.0 0.0 34.0 61.0 48.0 53.0 41.0 48.0 26.0 36.0 18.0 99.0 8.0 0.0 6.0 0.0 4.0 63.0 52.0 29.0 0.0 0.0 96.0 0.0 100.0 88.0 32.0 39.0 26.0 0.0 74.0 15.0 89.0 64.0 31.0 54.0 56.0 22.0 0.0 0.0 8.0 71.0 61.0 0.0 57.0 91.0 34.0 3.0 23.0 47.0 87.0 43.0 46.0 79.0 92.0 34.0 46.0 48.0 75.0 64.0 53.0 6.0 5.0 0.0 0.0 0.0 20.0 49.0 57.0 71.0 94.0 62.0 54.0 69.0 54.0 29.0 65.0 0.0 82.0 0.0 48.0 44.0 44.0 56.0 0.0 3.0 77.0 0.0 21.0 36.0 42.0 30.0 73.0 
78 91.0 79.0 78.0 88.0 35.0 58.0 81.0 45.0 30.0 2.0 12.0 6.0 41.0 92.0 13.0 27.0 89.0 57.0 71.0 42.0 18.0 81.0 64.0 53.0 77.0 92.0 36.0 0.0 20.0 12.0 81.0 46.0 31.0 17.0 52.0 77.0 10.0 18.0 0.0 78.0 0.0 39.0 88.0 36.0 79.0 30.0 28.0 4.0 43.0 91.0 97.0 46.0 0.0 21.0 38.0 78.0 79.0 91.0 53.0 97.0 88.0 0.0 73.0 92.0 17.0 55.0 35.0 37.0 0.0 29.0 96.0 57.0 0.0 12.0 10.0 93.0 3.0 62.0 25.0 62.0 54.0 50.0 87.0 59.0 48.0 99.0 53.0 38.0 31.0 97.0 15.0 33.0 0.0 99.0 24.0 13.0 14.0 31.0 45.0 22.0 
79 86.0 35.0 11.0 94.0 77.0 83.0 56.0 65.0 25.0 26.0 35.0 83.0 0.0 73.0 41.0 0.0 0.0 51.0 30.0 57.0 70.0 23.0 75.0 72.0 11.0 7.0 100.0 22.0 0.0 14.0 96.0 15.0 85.0 0.0 43.0 85.0 0.0 69.0 0.0 10.0 0.0 3.0 85.0 72.0 96.0 15.0 61.0 0.0 84.0 38.0 8.0 1.0 39.0 8.0 23.0 33.0 65.0 0.0 8.0 88.0 25.0 0.0 62.0 93.0 47.0 57.0 34.0 0.0 45.0 22.0 83.0 0.0 0.0 5.0 45.0 44.0 12.0 54.0 62.0 0.0 63.0 98.0 83.0 0.0 2.0 74.0 34.0 17.0 74.0 43.0 79.0 18.0 99.0 78.0 47.0 53.0 27.0 32.0 9.0 0.0 
80 61.0 24.0 40.0 48.0 23.0 89.0 44.0 35.0 57.0 4.0 92.0 43.0 33.0 43.0 35.0 24.0 52.0 94.0 27.0 1.0 58.0 41.0 24.0 1.0 5.0 88.0 23.0 93.0 55.0 12.0 64.0 53.0 65.0 0.0 32.0 0.0 45.0 75.0 99.0 59.0 56.0 92.0 80.0 33.0 69.0 91.0 15.0 38.0 99.0 11.0 0.0 64.0 61.0 0.0 54.0 7.0 56.0 16.0 12.0 73.0 88.0 4.0 3.0 21.0 45.0 44.0 5.0 0.0 66.0 54.0 85.0 65.0 96.0 6.0 96.0 14.0 30.0 69.0 54.0 63.0 0.0 0.0 67.0 20.0 0.0 35.0 44.0 85.0 75.0 68.0 41.0 0.0 0.0 92.0 0.0 54.0 95.0 6.0 5.0 0.0 
81 41.0 27.0 67.0 97.0 27.0 88.0 18.0 54.0 15.0 0.0 14.0 95.0 77.0 0.0 32.0 18.0 49.0 9.0 64.0 21.0 0.0 0.0 71.0 21.0 94.0 12.0 73.0 73.0 0.0 50.0 50.0 56.0 37.0 12.0 44.0 11.0 5.0 68.0 58.0 46.0 14.0 77.0 34.0 54.0 91.0 35.0 0.0 4.0 2.0 75.0 5.0 0.0 60.0 55.0 7.0 0.0 10.0 16.0 21.0 84.0 72.0 69.0 8.0 0.0 14.0 93.0 26.0 23.0 6.0 0.0 79.0 61.0 17.0 74.0 0.0 5.0 56.0 54.0 50.0 98.0 0.0 51.0 83.0 99.0 74.0 40.0 18.0 12.0 93.0 66.0 0.0 0.0 32.0 60.0 20.0 61.0 0.0 100.0 65.0 79.0 
82 75.0 26.0 2.0 30.0 39.0 0.0 21.0 0.0 97.0 67.0 57.0 14.0 68.0 1.0 75.0 83.0 70.0 67.0 97.0 50.0 57.0 63.0 45.0 86.0 2.0 96.0 4.0 20.0 0.0 45.0 80.0 91.0 0.0 0.0 34.0 53.0 94.0 77.0 93.0 2.0 1.0 9.0 37.0 90.0 71.0 61.0 48.0 72.0 52.0 33.0 60.0 6.0 57.0 26.0 40.0 74.0 4.0 0.0 93.0 9.0 37.0 67.0 14.0 24.0 44.0 95.0 71.0 0.0 62.0 25.0 55.0 21.0 53.0 76.0 67.0 38.0 4.0 29.0 87.0 83.0 67.0 83.0 11.0 20.0 86.0 0.0 50.0 0.0 10.0 6.0 1.0 24.0 39.0 0.0 77.0 0.0 74.0 1.0 64.0 15.0 
83 34.0 0.0 36.0 42.0 17.0 78.0 0.0 73.0 87.0 0.0 76.0 42.0 85.0 89.0 1.0 42.0 0.0 35.0 0.0 30.0 89.0 15.0 68.0 15.0 0.0 0.0 29.0 0.0 63.0 71.0 0.0 21.0 51.0 37.0 11.0 72.0 23.0 9.0 0.0 26.0 44.0 77.0 43.0 97.0 77.0 0.0 85.0 21.0 79.0 94.0 12.0 57.0 81.0 0.0 9.0 85.0 7.0 45.0 84.0 64.0 0.0 39.0 55.0 100.0 65.0 31.0 86.0 48.0 35.0 100.0 91.0 55.0 22.0 58.0 62.0 42.0 38.0 65.0 59.0 0.0 20.0 99.0 20.0 98.0 93.0 28.0 78.0 47.0 26.0 8.0 52.0 93.0 51.0 0.0 0.0 46.0 0.0 13.0 88.0 56.0 
84 39.0 29.0 31.0 0.0 54.0 91.0 85.0 64.0 0.0 100.0 52.0 65.0 64.0 1.0 80.0 80.0 75.0 67.0 67.0 39.0 95.0 86.0 53.0 81.0 16.0 22.0 94.0 15.0 53.0 9.0 93.0 63.0 0.0 0.0 0.0 0.0 93.0 38.0 0.0 59.0 10.0 37.0 0.0 2.0 55.0 49.0 83.0 14.0 35.0 94.0 22.0 58.0 22.0 12.0 16.0 82.0 90.0 44.0 52.0 0.0 61.0 28.0 0.0 0.0 71.0 80.0 0.0 72.0 48.0 12.0 5.0 61.0 0.0 0.0 0.0 0.0 87.0 0.0 48.0 2.0 0.0 74.0 86.0 93.0 78.0 89.0 39.0 0.0 0.0 46.0 97.0 75.0 3.0 0.0 96.0 79.0 41.0 4.0 0.0 0.0 
85 4.0 94.0 35.0 17.0 0.0 83.0 85.0 3.0 61.0 5.0 100.0 89.0 45.0 38.0 39.0 41.0 42.0 32.0 76.0 8.0 0.0 0.0 85.0 9.0 44.0 25.0 12.0 6.0 99.0 13.0 75.0 8.0 25.0 65.0 58.0 14.0 96.0 67.0 75.0 9.0 62.0 52.0 64.0 16.0 83.0 40.0 27.0 9.0 6.0 32.0 0.0 29.0 62.0 74.0 76.0 94.0 76.0 58.0 13.0 91.0 38.0 73.0 69.0 8.0 44.0 97.0 28.0 68.0 65.0 97.0 91.0 76.0 0.0 75.0 95.0 86.0 6.0 82.0 99.0 74.0 35.0 40.0 0.0 28.0 89.0 22.0 0.0 49.0 0.0 0.0 0.0 0.0 98.0 74.0 80.0 66.0 66.0 0.0 88.0 2.0 
86 37.0 83.0 0.0 61.0 41.0 83.0 99.0 0.0 48.0 0.0 100.0 0.0 2.0 78.0 59.0 55.0 0.0 18.0 0.0 96.0 44.0 63.0 50.0 40.0 24.0 69.0 71.0 97.0 44.0 91.0 1.0 82.0 72.0 22.0 87.0 100.0 64.0 100.0 25.0 9.0 37.0 43.0 33.0 62.0 0.0 52.0 81.0 29.0 0.0 48.0 30.0 72.0 53.0 6.0 0.0 0.0 0.0 34.0 72.0 81.0 21.0 81.0 34.0 0.0 3.0 46.0 5.0 10.0 96.0 0.0 34.0 92.0 12.0 67.0 0.0 90.0 47.0 0.0 53.0 34.0 44.0 18.0 50.0 78.0 39.0 0.0 75.0 51.0 59.0 15.0 22.0 0.0 55.0 71.0 6.0 16.0 84.0 95.0 4.0 81.0 
87 65.0 33.0 78.0 67.0 0.0 64.0 0.0 44.0 10.0 55.0 17.0 69.0 0.0 21.0 0.0 94.0 46.0 8.0 71.0 53.0 0.0 0.0 42.0 95.0 0.0 10.0 28.0 21.0 0.0 81.0 59.0 64.0 0.0 73.0 35.0 0.0 0.0 35.0 73.0 0.0 34.0 57.0 92.0 0.0 0.0 0.0 73.0 45.0 100.0 92.0 36.0 1.0 63.0 0.0 62.0 0.0 67.0 2.0 23.0 48.0 0.0 71.0 47.0 23.0 0.0 7.0 43.0 89.0 66.0 52.0 22.0 50.0 62.0 10.0 31.0 0.0 51.0 48.0 38.0 17.0 85.0 12.0 0.0 47.0 0.0 49.0 51.0 37.0 75.0 59.0 79.0 66.0 10.0 45.0 77.0 98.0 13.0 64.0 24.0 84.0 
88 65.0 46.0 54.0 96.0 0.0 81.0 74.0 24.0 14.0 69.0 66.0 0.0 11.0 0.0 69.0 71.0 40.0 2.0 73.0 74.0 33.0 57.0 9.0 28.0 99.0 4.0 64.0 46.0 0.0 0.0 55.0 90.0 74.0 92.0 93.0 81.0 0.0 11.0 57.0 12.0 47.0 49.0 74.0 34.0 78.0 98.0 8.0 82.0 80.0 38.0 84.0 57.0 0.0 55.0 66.0 0.0 97.0 33.0 69.0 35.0 96.0 69.0 23.0 66.0 54.0 48.0 52.0 100.0 78.0 0.0 19.0 65.0 69.0 89.0 84.0 52.0 0.0 44.0 31.0 74.0 75.0 93.0 10.0 26.0 0.0 0.0 59.0 75.0 0.0 21.0 96.0 48.0 96.0 29.0 66.0 0.0 59.0 12.0 65.0 67.0 
89 54.0 0.0 40.0 66.0 42.0 42.0 94.0 47.0 44.0 100.0 51.0 61.0 35.0 60.0 55.0 39.0 42.0 0.0 86.0 0.0 8.0 25.0 6.0 77.0 46.0 0.0 98.0 88.0 0.0 0.0 77.0 0.0 37.0 24.0 78.0 31.0 73.0 0.0 41.0 0.0 47.0 53.0 98.0 0.0 96.0 0.0 15.0 96.0 88.0 94.0 1.0 33.0 0.0 10.0 3.0 15.0 0.0 23.0 83.0 0.0 77.0 57.0 40.0 59.0 33.0 88.0 72.0 36.0 56.0 99.0 62.0 2.0 33.0 0.0 27.0 90.0 76.0 44.0 97.0 43.0 68.0 66.0 6.0 8.0 46.0 0.0 15.0 59.0 21.0 54.0 9.0 78.0 87.0 0.0 24.0 84.0 89.0 89.0 13.0 0.0 
90 0.0 64.0 1.0 38.0 31.0 79.0 24.0 58.0 25.0 16.0 36.0 0.0 59.0 0.0 11.0 48.0 2.0 39.0 30.0 83.0 34.0 19.0 0.0 30.0 80.0 67.0 9.0 42.0 46.0 6.0 91.0 92.0 65.0 34.0 12.0 92.0 22.0 91.0 65.0 69.0 93.0 0.0 76.0 42.0 55.0 90.0 61.0 1.0 46.0 6.0 0.0 34.0 35.0 43.0 0.0 40.0 39.0 0.0 11.0 92.0 97.0 90.0 50.0 32.0 42.0 25.0 0.0 89.0 73.0 55.0 24.0 64.0 86.0 43.0 0.0 63.0 68.0 56.0 15.0 79.0 41.0 0.0 1.0 52.0 97.0 0.0 22.0 79.0 96.0 9.0 0.0 87.0 18.0 31.0 37.0 44.0 41.0 0.0 71.0 15.0 
91 15.0 39.0 97.0 65.0 31.0 6.0 100.0 87.0 4.0 98.0 88.0 0.0 100.0 60.0 13.0 93.0 96.0 0.0 7.0 0.0 69.0 66.0 35.0 0.0 87.0 87.0 60.0 51.0 79.0 94.0 81.0 63.0 96.0 52.0 9.0 100.0 36.0 80.0 69.0 38.0 22.0 32.0 29.0 76.0 0.0 1.0 8.0 57.0 31.0 73.0 81.0 99.0 36.0 33.0 84.0 94.0 53.0 0.0 46.0 85.0 91.0 24.0 82.0 69.0 81.0 59.0 0.0 66.0 3.0 70.0 26.0 24.0 31.0 83.0 0.0 0.0 0.0 0.0 33.0 18.0 0.0 0.0 24.0 93.0 75.0 0.0 0.0 66.0 48.0 78.0 87.0 0.0 0.0 18.0 56.0 81.0 43.0 0.0 96.0 27.0 
92 12.0 10.0 0.0 100.0 7.0 84.0 88.0 85.0 73.0 53.0 66.0 42.0 9.0 27.0 23.0 92.0 19.0 54.0 81.0 0.0 97.0 3.0 89.0 0.0 33.0 40.0 41.0 11.0 5.0 81.0 19.0 73.0 55.0 0.0 61.0 0.0 90.0 40.0 18.0 16.0 4.0 71.0 56.0 77.0 47.0 0.0 63.0 83.0 41.0 0.0 16.0 0.0 61.0 93.0 89.0 93.0 25.0 0.0 8.0 38.0 75.0 31.0 88.0 40.0 51.0 6.0 0.0 36.0 0.0 59.0 85.0 50.0 71.0 57.0 0.0 49.0 6.0 3.0 0.0 99.0 0.0 32.0 39.0 51.0 3.0 98.0 55.0 10.0 96.0 87.0 18.0 0.0 0.0 60.0 57.0 91.0 0.0 0.0 0.0 12.0 
93 28.0 0.0 6.0 47.0 72.0 46.0 0.0 76.0 53.0 41.0 35.0 55.0 17.0 74.0 0.0 62.0 4.0 0.0 37.0 36.0 61.0 66.0 60.0 75.0 60.0 86.0 59.0 91.0 2.0 22.0 23.0 0.0 40.0 23.0 0.0 97.0 74.0 33.0 80.0 0.0 75.0 83.0 16.0 32.0 52.0 11.0 93.0 43.0 61.0 44.0 71.0 15.0 40.0 33.0 62.0 64.0 78.0 53.0 81.0 9.0 45.0 87.0 13.0 69.0 13.0 74.0 66.0 9.0 43.0 43.0 78.0 24.0 20.0 89.0 27.0 97.0 6.0 77.0 99.0 78.0 92.0 60.0 0.0 0.0 0.0 74.0 71.0 45.0 29.0 0.0 31.0 18.0 60.0 0.0 5.0 23.0 94.0 68.0 29.0 84.0 
94 83.0 49.0 0.0 9.0 40.0 41.0 0.0 63.0 27.0 25.0 75.0 6.0 0.0 40.0 29.0 95.0 43.0 22.0 83.0 31.0 0.0 37.0 88.0 65.0 44.0 97.0 0.0 68.0 49.0 0.0 57.0 64.0 96.0 0.0 72.0 7.0 51.0 63.0 70.0 71.0 68.0 93.0 0.0 68.0 82.0 43.0 88.0 95.0 0.0 51.0 16.0 90.0 95.0 43.0 2.0 30.0 15.0 33.0 45.0 85.0 15.0 3.0 0.0 16.0 13.0 97.0 77.0 9.0 52.0 13.0 100.0 73.0 39.0 2.0 0.0 29.0 100.0 0.0 24.0 47.0 0.0 20.0 77.0 0.0 96.0 80.0 6.0 77.0 66.0 24.0 37.0 56.0 57.0 5.0 46.0 69.0 32.0 10.0 0.0 37.0 
95 37.0 91.0 83.0 78.0 64.0 0.0 42.0 80.0 83.0 67.0 43.0 1.0 82.0 50.0 41.0 0.0 0.0 61.0 20.0 38.0 0.0 92.0 66.0 0.0 83.0 98.0 14.0 100.0 44.0 0.0 58.0 2.0 0.0 52.0 60.0 25.0 51.0 93.0 27.0 0.0 0.0 0.0 0.0 20.0 8.0 74.0 6.0 86.0 60.0 43.0 88.0 0.0 62.0 0.0 92.0 78.0 79.0 98.0 17.0 83.0 27.0 12.0 92.0 60.0 8.0 55.0 72.0 71.0 0.0 75.0 0.0 94.0 90.0 0.0 0.0 56.0 89.0 21.0 13.0 53.0 54.0 61.0 0.0 46.0 79.0 66.0 16.0 98.0 0.0 84.0 44.0 81.0 91.0 23.0 69.0 75.0 18.0 0.0 52.0 48.0 
96 59.0 13.0 72.0 32.0 80.0 27.0 0.0 73.0 32.0 0.0 29.0 50.0 59.0 0.0 72.0 94.0 24.0 31.0 16.0 93.0 31.0 87.0 37.0 9.0 13.0 45.0 32.0 34.0 0.0 73.0 0.0 64.0 67.0 79.0 0.0 81.0 43.0 57.0 39.0 62.0 77.0 42.0 0.0 87.0 0.0 56.0 6.0 96.0 82.0 65.0 43.0 0.0 24.0 53.0 9.0 17.0 66.0 19.0 59.0 77.0 43.0 60.0 100.0 24.0 81.0 0.0 48.0 99.0 49.0 27.0 88.0 12.0 55.0 0.0 54.0 29.0 30.0 36.0 14.0 27.0 95.0 0.0 74.0 0.0 41.0 66.0 84.0 13.0 59.0 89.0 41.0 43.0 0.0 94.0 32.0 18.0 3.0 90.0 0.0 10.0 
97 48.0 3.0 76.0 33.0 35.0 56.0 85.0 13.0 65.0 35.0 11.0 60.0 85.0 25.0 57.0 77.0 58.0 12.0 78.0 21.0 0.0 96.0 42.0 0.0 60.0 41.0 79.0 0.0 11.0 9.0 68.0 11.0 0.0 6.0 0.0 78.0 0.0 73.0 94.0 55.0 38.0 90.0 46.0 30.0 63.0 15.0 67.0 54.0 0.0 91.0 0.0 0.0 98.0 0.0 20.0 2.0 78.0 1.0 2.0 78.0 74.0 24.0 92.0 11.0 54.0 8.0 31.0 45.0 0.0 63.0 10.0 82.0 10.0 94.0 87.0 77.0 28.0 42.0 31.0 32.0 6.0 100.0 1.0 13.0 4.0 0.0 95.0 64.0 12.0 89.0 0.0 0.0 0.0 68.0 10.0 0.0 90.0 0.0 36.0 35.0 
98 63.0 29.0 88.0 69.0 0.0 13.0 77.0 65.0 19.0 62.0 47.0 20.0 5.0 0.0 48.0 0.0 56.0 23.0 58.0 17.0 0.0 74.0 56.0 62.0 60.0 75.0 60.0 17.0 0.0 93.0 24.0 98.0 0.0 28.0 91.0 33.0 0.0 4.0 15.0 0.0 39.0 7.0 34.0 66.0 38.0 0.0 36.0 100.0 94.0 3.0 0.0 85.0 74.0 12.0 53.0 33.0 50.0 57.0 56.0 84.0 16.0 12.0 62.0 7.0 13.0 0.0 90.0 53.0 25.0 66.0 25.0 29.0 0.0 9.0 33.0 50.0 54.0 30.0 45.0 9.0 5.0 65.0 64.0 88.0 0.0 88.0 4.0 24.0 65.0 13.0 71.0 96.0 0.0 29.0 0.0 52.0 0.0 36.0 10.0 3.0 
99 24.0 85.0 13.0 92.0 44.0 64.0 63.0 97.0 47.0 55.0 7.0 70.0 24.0 58.0 43.0 67.0 96.0 0.0 99.0 58.0 94.0 37.0 49.0 12.0 74.0 51.0 96.0 24.0 55.0 1.0 0.0 0.0 51.0 28.0 57.0 0.0 46.0 89.0 18.0 19.0 2.0 54.0 0.0 80.0 56.0 0.0 56.0 23.0 53.0 37.0 37.0 79.0 69.0 80.0 31.0 66.0 45.0 0.0 73.0 1.0 56.0 47.0 64.0 79.0 14.0 66.0 34.0 57.0 72.0 75.0 89.0 64.0 79.0 0.0 0.0 39.0 97.0 73.0 22.0 0.0 0.0 79.0 15.0 56.0 0.0 2.0 81.0 84.0 67.0 0.0 15.0 27.0 12.0 84.0 37.0 48.0 10.0 35.0 3.0 0.0 
param x {0 .. 99}; 